Change for a dollar, given a penny, nickel, dime, quarter, halfdollar.
====

Let vector = <1,5,10,25,50>
Following 292 vectors each have a dot product of 100 = $1 with this vector.
--
List(100, 0, 0, 0, 0)
List(95, 1, 0, 0, 0)
List(90, 2, 0, 0, 0)
List(85, 3, 0, 0, 0)
List(80, 4, 0, 0, 0)
List(75, 5, 0, 0, 0)
List(70, 6, 0, 0, 0)
List(65, 7, 0, 0, 0)
List(60, 8, 0, 0, 0)
List(55, 9, 0, 0, 0)
List(50, 10, 0, 0, 0)
List(45, 11, 0, 0, 0)
List(40, 12, 0, 0, 0)
List(35, 13, 0, 0, 0)
List(30, 14, 0, 0, 0)
List(25, 15, 0, 0, 0)
List(20, 16, 0, 0, 0)
List(15, 17, 0, 0, 0)
List(10, 18, 0, 0, 0)
List(5, 19, 0, 0, 0)
List(0, 20, 0, 0, 0)
List(90, 0, 1, 0, 0)
List(85, 1, 1, 0, 0)
List(80, 2, 1, 0, 0)
List(75, 3, 1, 0, 0)
List(70, 4, 1, 0, 0)
List(65, 5, 1, 0, 0)
List(60, 6, 1, 0, 0)
List(55, 7, 1, 0, 0)
List(50, 8, 1, 0, 0)
List(45, 9, 1, 0, 0)
List(40, 10, 1, 0, 0)
List(35, 11, 1, 0, 0)
List(30, 12, 1, 0, 0)
List(25, 13, 1, 0, 0)
List(20, 14, 1, 0, 0)
List(15, 15, 1, 0, 0)
List(10, 16, 1, 0, 0)
List(5, 17, 1, 0, 0)
List(0, 18, 1, 0, 0)
List(80, 0, 2, 0, 0)
List(75, 1, 2, 0, 0)
List(70, 2, 2, 0, 0)
List(65, 3, 2, 0, 0)
List(60, 4, 2, 0, 0)
List(55, 5, 2, 0, 0)
List(50, 6, 2, 0, 0)
List(45, 7, 2, 0, 0)
List(40, 8, 2, 0, 0)
List(35, 9, 2, 0, 0)
List(30, 10, 2, 0, 0)
List(25, 11, 2, 0, 0)
List(20, 12, 2, 0, 0)
List(15, 13, 2, 0, 0)
List(10, 14, 2, 0, 0)
List(5, 15, 2, 0, 0)
List(0, 16, 2, 0, 0)
List(70, 0, 3, 0, 0)
List(65, 1, 3, 0, 0)
List(60, 2, 3, 0, 0)
List(55, 3, 3, 0, 0)
List(50, 4, 3, 0, 0)
List(45, 5, 3, 0, 0)
List(40, 6, 3, 0, 0)
List(35, 7, 3, 0, 0)
List(30, 8, 3, 0, 0)
List(25, 9, 3, 0, 0)
List(20, 10, 3, 0, 0)
List(15, 11, 3, 0, 0)
List(10, 12, 3, 0, 0)
List(5, 13, 3, 0, 0)
List(0, 14, 3, 0, 0)
List(60, 0, 4, 0, 0)
List(55, 1, 4, 0, 0)
List(50, 2, 4, 0, 0)
List(45, 3, 4, 0, 0)
List(40, 4, 4, 0, 0)
List(35, 5, 4, 0, 0)
List(30, 6, 4, 0, 0)
List(25, 7, 4, 0, 0)
List(20, 8, 4, 0, 0)
List(15, 9, 4, 0, 0)
List(10, 10, 4, 0, 0)
List(5, 11, 4, 0, 0)
List(0, 12, 4, 0, 0)
List(50, 0, 5, 0, 0)
List(45, 1, 5, 0, 0)
List(40, 2, 5, 0, 0)
List(35, 3, 5, 0, 0)
List(30, 4, 5, 0, 0)
List(25, 5, 5, 0, 0)
List(20, 6, 5, 0, 0)
List(15, 7, 5, 0, 0)
List(10, 8, 5, 0, 0)
List(5, 9, 5, 0, 0)
List(0, 10, 5, 0, 0)
List(40, 0, 6, 0, 0)
List(35, 1, 6, 0, 0)
List(30, 2, 6, 0, 0)
List(25, 3, 6, 0, 0)
List(20, 4, 6, 0, 0)
List(15, 5, 6, 0, 0)
List(10, 6, 6, 0, 0)
List(5, 7, 6, 0, 0)
List(0, 8, 6, 0, 0)
List(30, 0, 7, 0, 0)
List(25, 1, 7, 0, 0)
List(20, 2, 7, 0, 0)
List(15, 3, 7, 0, 0)
List(10, 4, 7, 0, 0)
List(5, 5, 7, 0, 0)
List(0, 6, 7, 0, 0)
List(20, 0, 8, 0, 0)
List(15, 1, 8, 0, 0)
List(10, 2, 8, 0, 0)
List(5, 3, 8, 0, 0)
List(0, 4, 8, 0, 0)
List(10, 0, 9, 0, 0)
List(5, 1, 9, 0, 0)
List(0, 2, 9, 0, 0)
List(0, 0, 10, 0, 0)
List(75, 0, 0, 1, 0)
List(70, 1, 0, 1, 0)
List(65, 2, 0, 1, 0)
List(60, 3, 0, 1, 0)
List(55, 4, 0, 1, 0)
List(50, 5, 0, 1, 0)
List(45, 6, 0, 1, 0)
List(40, 7, 0, 1, 0)
List(35, 8, 0, 1, 0)
List(30, 9, 0, 1, 0)
List(25, 10, 0, 1, 0)
List(20, 11, 0, 1, 0)
List(15, 12, 0, 1, 0)
List(10, 13, 0, 1, 0)
List(5, 14, 0, 1, 0)
List(0, 15, 0, 1, 0)
List(65, 0, 1, 1, 0)
List(60, 1, 1, 1, 0)
List(55, 2, 1, 1, 0)
List(50, 3, 1, 1, 0)
List(45, 4, 1, 1, 0)
List(40, 5, 1, 1, 0)
List(35, 6, 1, 1, 0)
List(30, 7, 1, 1, 0)
List(25, 8, 1, 1, 0)
List(20, 9, 1, 1, 0)
List(15, 10, 1, 1, 0)
List(10, 11, 1, 1, 0)
List(5, 12, 1, 1, 0)
List(0, 13, 1, 1, 0)
List(55, 0, 2, 1, 0)
List(50, 1, 2, 1, 0)
List(45, 2, 2, 1, 0)
List(40, 3, 2, 1, 0)
List(35, 4, 2, 1, 0)
List(30, 5, 2, 1, 0)
List(25, 6, 2, 1, 0)
List(20, 7, 2, 1, 0)
List(15, 8, 2, 1, 0)
List(10, 9, 2, 1, 0)
List(5, 10, 2, 1, 0)
List(0, 11, 2, 1, 0)
List(45, 0, 3, 1, 0)
List(40, 1, 3, 1, 0)
List(35, 2, 3, 1, 0)
List(30, 3, 3, 1, 0)
List(25, 4, 3, 1, 0)
List(20, 5, 3, 1, 0)
List(15, 6, 3, 1, 0)
List(10, 7, 3, 1, 0)
List(5, 8, 3, 1, 0)
List(0, 9, 3, 1, 0)
List(35, 0, 4, 1, 0)
List(30, 1, 4, 1, 0)
List(25, 2, 4, 1, 0)
List(20, 3, 4, 1, 0)
List(15, 4, 4, 1, 0)
List(10, 5, 4, 1, 0)
List(5, 6, 4, 1, 0)
List(0, 7, 4, 1, 0)
List(25, 0, 5, 1, 0)
List(20, 1, 5, 1, 0)
List(15, 2, 5, 1, 0)
List(10, 3, 5, 1, 0)
List(5, 4, 5, 1, 0)
List(0, 5, 5, 1, 0)
List(15, 0, 6, 1, 0)
List(10, 1, 6, 1, 0)
List(5, 2, 6, 1, 0)
List(0, 3, 6, 1, 0)
List(5, 0, 7, 1, 0)
List(0, 1, 7, 1, 0)
List(50, 0, 0, 2, 0)
List(45, 1, 0, 2, 0)
List(40, 2, 0, 2, 0)
List(35, 3, 0, 2, 0)
List(30, 4, 0, 2, 0)
List(25, 5, 0, 2, 0)
List(20, 6, 0, 2, 0)
List(15, 7, 0, 2, 0)
List(10, 8, 0, 2, 0)
List(5, 9, 0, 2, 0)
List(0, 10, 0, 2, 0)
List(40, 0, 1, 2, 0)
List(35, 1, 1, 2, 0)
List(30, 2, 1, 2, 0)
List(25, 3, 1, 2, 0)
List(20, 4, 1, 2, 0)
List(15, 5, 1, 2, 0)
List(10, 6, 1, 2, 0)
List(5, 7, 1, 2, 0)
List(0, 8, 1, 2, 0)
List(30, 0, 2, 2, 0)
List(25, 1, 2, 2, 0)
List(20, 2, 2, 2, 0)
List(15, 3, 2, 2, 0)
List(10, 4, 2, 2, 0)
List(5, 5, 2, 2, 0)
List(0, 6, 2, 2, 0)
List(20, 0, 3, 2, 0)
List(15, 1, 3, 2, 0)
List(10, 2, 3, 2, 0)
List(5, 3, 3, 2, 0)
List(0, 4, 3, 2, 0)
List(10, 0, 4, 2, 0)
List(5, 1, 4, 2, 0)
List(0, 2, 4, 2, 0)
List(0, 0, 5, 2, 0)
List(25, 0, 0, 3, 0)
List(20, 1, 0, 3, 0)
List(15, 2, 0, 3, 0)
List(10, 3, 0, 3, 0)
List(5, 4, 0, 3, 0)
List(0, 5, 0, 3, 0)
List(15, 0, 1, 3, 0)
List(10, 1, 1, 3, 0)
List(5, 2, 1, 3, 0)
List(0, 3, 1, 3, 0)
List(5, 0, 2, 3, 0)
List(0, 1, 2, 3, 0)
List(0, 0, 0, 4, 0)
List(50, 0, 0, 0, 1)
List(45, 1, 0, 0, 1)
List(40, 2, 0, 0, 1)
List(35, 3, 0, 0, 1)
List(30, 4, 0, 0, 1)
List(25, 5, 0, 0, 1)
List(20, 6, 0, 0, 1)
List(15, 7, 0, 0, 1)
List(10, 8, 0, 0, 1)
List(5, 9, 0, 0, 1)
List(0, 10, 0, 0, 1)
List(40, 0, 1, 0, 1)
List(35, 1, 1, 0, 1)
List(30, 2, 1, 0, 1)
List(25, 3, 1, 0, 1)
List(20, 4, 1, 0, 1)
List(15, 5, 1, 0, 1)
List(10, 6, 1, 0, 1)
List(5, 7, 1, 0, 1)
List(0, 8, 1, 0, 1)
List(30, 0, 2, 0, 1)
List(25, 1, 2, 0, 1)
List(20, 2, 2, 0, 1)
List(15, 3, 2, 0, 1)
List(10, 4, 2, 0, 1)
List(5, 5, 2, 0, 1)
List(0, 6, 2, 0, 1)
List(20, 0, 3, 0, 1)
List(15, 1, 3, 0, 1)
List(10, 2, 3, 0, 1)
List(5, 3, 3, 0, 1)
List(0, 4, 3, 0, 1)
List(10, 0, 4, 0, 1)
List(5, 1, 4, 0, 1)
List(0, 2, 4, 0, 1)
List(0, 0, 5, 0, 1)
List(25, 0, 0, 1, 1)
List(20, 1, 0, 1, 1)
List(15, 2, 0, 1, 1)
List(10, 3, 0, 1, 1)
List(5, 4, 0, 1, 1)
List(0, 5, 0, 1, 1)
List(15, 0, 1, 1, 1)
List(10, 1, 1, 1, 1)
List(5, 2, 1, 1, 1)
List(0, 3, 1, 1, 1)
List(5, 0, 2, 1, 1)
List(0, 1, 2, 1, 1)
List(0, 0, 0, 2, 1)
List(0, 0, 0, 0, 2)

--
